SHITOMASI 1370 1301 1361 1358 1333 1284 1322 1366 1389 1339
HARRIS 305 348 387 460 540 412 363 757 468 387
FAST 5063 4952 4863 4840 4856 4899 4870 4868 4996 4997
BRISK 2757 2777 2741 2735 2757 2695 2715 2628 2639 2672
ORB 500 500 500 500 500 500 500 500 500 500
AKAZE 1351 1327 1311 1351 1360 1347 1363 1331 1357 1331
SIFT 1438 1371 1380 1335 1305 1370 1396 1382 1463 1422

SHITOMASI 1370 1301 1361 1358 1333 1284 1322 1366 1389 1339
SHITOMASI/BRISK 95 88 80 90 82 79 85 86 82
Time Extractor BRISK 42.6257 20.2866 23.2182 18.0603 19.0253 19.755 17.956 18.2633 17.9471 21.0406
Time Descriptor BRISK 6.17989 5.00299 2.21705 2.45667 2.14057 2.09695 2.20786 2.33544 2.15428 2.40576
SHITOMASI 1370 1301 1361 1358 1333 1284 1322 1366 1389 1339
SHITOMASI/BRIEF 115 111 104 101 102 102 100 109 100
Time Extractor BRIEF 24.5579 21.1644 19.5793 22.1017 17.2247 20.2319 20.829 21.9126 19.8009 19.2502
Time Descriptor BRIEF 2.20201 2.11859 1.5515 1.60186 1.4221 1.55528 1.29368 1.52522 1.32548 1.33579
SHITOMASI/ORB 106 102 99 102 103 97 98 104 97
Time Extractor SHITOMASI 22.0057 22.2162 20.3991 23.0693 17.8825 17.7018 20.9499 21.6378 16.9548 21.44
Time Descriptor ORB 1.38133 1.77249 1.22889 0.910123 1.20817 0.906483 1.1404 0.916212 0.802625 1.17657
SHITOMASI/FREAK 86 90 86 88 86 80 81 86 85
Time Extractor SHITOMASI 19.1782 18.3362 16.6628 11.8841 11.8731 16.2584 16.8275 12.151 13.3315 12.0112
Time Descriptor FREAK 47.4948 41.2723 40.3641 41.9337 39.8542 41.3478 41.1028 41.8036 39.694 43.1955
SHITOMASI/AKAZE FALLA
SHITOMASI/SIFT FALLA

//Pocos puntos de matching. Muchos fuera del coche
HARRIS 305 348 387 460 540 412 363 757 468 387
HARRIS/BRISK 31 32 43 56 60 54 40 116 74
Time Extractor HARRIS 27.4285 18.4723 17.0567 20.5312 21.8889 18.1926 19.3341 19.438 17.099 19.6779
Time Descriptor BRISK 1.63845 0.999215 1.73531 1.88536 2.14581 1.91494 2.05 2.96163 2.42234 2.03372
HARRIS/BRIEF 29 34 45 46 55 63 39 113 74
Time Extractor HARRIS 22.7181 19.8967 20.0408 19.0265 16.4486 20.7707 18.407 21.0386 19.3636 19.0132
Time Descriptor BRIEF 1.20455 0.571507 1.23197 1.72375 1.25256 1.44778 1.28126 2.32733 1.6395 1.42596
HARRIS/ORB 26 38 46 41 56 67 39 113 77
Time Extractor HARRIS 26.2218 22.7096 19.6072 21.4167 17.5688 18.6674 21.9538 18.8242 21.7205 20.5761
Time Descriptor ORB 0.983295 1.24635 1.26475 1.59913 1.12903 0.938135 0.99483 1.54091 1.25324 1.08085
HARRIS/FREAK 30 42 43 47 66 54 37 108 69
Time Extractor HARRIS 18.7246 14.875 17.4586 13.3452 12.5358 16.1057 16.3911 12.5956 11.8432 15.4431
Time Descriptor FREAK 42.6731 41.4567 39.3972 41.9636 43.1517 42.3788 44.4363 41.5449 36.814 39.4634
SHITOMASI/AKAZE FALLA
SHITOMASI/SIFT FALLA

FAST 5063 4952 4863 4840 4856 4899 4870 4868 4996 4997
FAST/BRISK 256 243 241 239 215 251 248 243 247
Time Extractor FAST 4.53323 2.20034 2.59137 2.5444 2.19795 2.19027 2.38902 2.14626 2.60526 2.30746
Time Descriptor BRISK 10.0881 5.32907 5.13098 5.47051 3.71426 4.16998 4.59048 4.33488 5.02981 4.67723
FAST/BRIEF 320 332 299 331 276 327 324 315 307
Time Extractor FAST 2.68983 2.21025 2.48858 2.22499 2.11588 2.40509 2.32014 2.18828 2.25302 2.11739
Time Descriptor BRIEF 3.94376 2.41835 4.56244 1.75257 1.75037 3.19238 2.03564 1.7036 2.62084 1.55137
FAST/ORB 307 308 298 321 283 315 323 302 311
Time Extractor FAST 2.98158 2.31693 2.31145 2.22538 2.16308 2.25965 2.45963 2.25098 2.27482 2.35511
Time Descriptor ORB 16.7637 2.62207 1.64754 1.53402 1.52867 1.59883 2.36174 1.61207 1.55599 1.5793
FAST/FREAK 251 247 233 255 231 265 251 253 247
Time Extractor FAST 2.65863 2.82782 2.12221 2.63117 2.04766 2.13383 2.20216 2.57201 2.47722 2.1808
Time Descriptor FREAK 50.7532 50.0925 51.136 51.3791 47.891 46.2848 47.7002 45.6981 48.7295 49.1964

BRISK 2757 2777 2741 2735 2757 2695 2715 2628 2639 2672
BRISK/BRISK 171 176 157 176 174 188 173 171 184
Time Extractor BRISK 46.1089 45.4607 42.4868 42.4479 43.6954 43.6486 43.5175 41.2911 41.8773 41.6182
Time Descriptor BRISK 4.06461 3.19564 3.16225 3.0383 3.27292 3.21116 3.54347 3.11488 2.99365 2.99491
BRISK/BRIEF 178 205 185 179 183 195 207 189 183
Time Extractor BRISK 43.0627 42.0229 42.4793 40.3586 40.3254 39.7758 41.809 40.1451 39.2622 43.2663
Time Descriptor BRIEF 3.25675 1.28471 2.11327 1.24904 2.265 2.30928 1.17591 1.2181 1.14239 1.99649
BRISK/ORB 162 175 158 167 160 182 167 171 172
Time Extractor BRISK 44.5907 43.2386 41.5301 40.7858 41.6673 41.1533 41.5671 40.2367 42.1611 41.1942
Time Descriptor ORB 6.20987 4.98453 4.88378 4.7901 5.0062 5.0474 4.95872 5.29532 4.93183 6.30658
BRISK/FREAK 160 177 155 173 161 183 169 178 168
Time Extractor BRISK 42.4941 40.0688 41.8285 40.1863 40.8369 40.0321 42.1391 40.5701 39.767 40.9821
Time Descriptor FREAK 56.8016 48.9709 52.6159 45.4741 45.4388 44.9333 47.2393 44.4831 42.7239 49.8444
BRISK/AKAZE FAllo
BRISK/SIFT_HOG 182 193 169 183 171 195 194 176 183
Time Extractor BRISK 43.7728 41.6951 40.7142 41.2344 40.1471 42.519 40.9874 41.4691 40.113 40.3662
Time Descriptor SIFT 60.6844 48.3266 50.4871 51.7237 51.482 50.4843 50.6876 56.467 52.4039 50.5146

ORB 500 500 500 500 500 500 500 500 500 500
ORB/BRISK 73 74 79 85 79 92 90 88 91
Time Extractor ORB 15.3699 11.8888 9.37287 10.6792 8.19433 7.89944 7.94599 11.1483 8.31765 11.1422
Time Descriptor BRISK 2.14148 1.30363 1.39431 1.38344 1.42953 1.61031 1.5818 1.86238 1.60368 1.56615
ORB/BRIEF 49 43 45 59 53 78 68 84 66
Time Extractor ORB 13.9848 9.49395 8.56845 7.76787 10.6988 11.0043 11.0058 8.32119 8.10343 11.1894
Time Descriptor BRIEF 1.42262 0.538886 0.92822 1.10855 0.828868 1.12616 0.932149 1.28764 0.91724 1.00073
ORB/ORB 67 70 72 84 91 101 92 93 93
Time Extractor ORB 9.89316 9.6686 9.73082 10.3438 10.8545 8.01074 8.38036 7.53827 8.44449 11.0261
Time Descriptor ORB 5.73598 4.60114 5.41644 6.31375 6.0533 5.56667 5.94647 5.00093 6.89598 5.23284
ORB/FREAK 42 36 44 47 44 51 52 48 56
Time Extractor ORB 11.572 9.13249 7.90675 10.1927 10.0774 7.81745 7.98777 7.92969 7.85015 8.51662
Time Descriptor FREAK 45.0493 47.4417 44.2061 41.7304 42.2208 44.4399 39.4822 43.8455 38.564 44.9098
ORB/AKAZE FALL
ORB/SIFT_HOG 67 79 78 79 82 95 95 94 94
Time Extractor ORB 12.4302 8.49263 9.25892 10.7226 8.25329 7.95326 8.02149 8.14284 9.18213 8.83983
Time Descriptor SIFT 55.1911 49.8059 52.5136 51.3854 50.6541 53.4582 54.41 55.082 58.8248 55.5341

//DEtecta solo perimetro del coche
AKAZE 1351 1327 1311 1351 1360 1347 1363 1331 1357 1331
AKAZE/BRISK 137 125 129 129 131 132 142 146 144
Time Extractor AKAZE 101.827 93.7339 92.6433 91.9485 84.2668 87.0083 83.6701 90.3514 94.0261 84.2713
Time Descriptor BRISK 2.02866 2.10775 3.02355 2.67808 1.82443 1.98995 2.07958 2.27396 1.93244 2.23994
AKAZE/BRIEF 141 134 131 130 134 146 150 148 152
Time Extractor AKAZE 95.2552 80.1927 86.837 93.0339 81.1751 89.2769 77.5923 84.4876 87.1838 85.0784
Time Descriptor BRIEF 0.834556 0.958311 0.806455 1.07846 0.842142 1.00723 0.801193 1.11137 1.05482 1.06732
AKAZE/ORB 131 129 127 117 130 131 137 135 145
Time Extractor AKAZE 98.3348 93.0534 88.8528 91.5533 90.4327 86.5695 90.7956 85.7251 95.0386 92.9489
Time Descriptor ORB 4.08967 3.38653 3.61221 3.68984 3.91004 5.02836 3.96862 3.71536 3.95267 3.88926
AKAZE/FREAK 126 129 127 121 122 133 144 147 138
Time Extractor AKAZE 100.368 87.4277 93.7743 75.6783 73.8855 70.3768 72.1221 73.5653 81.603 77.1555
Time Descriptor FREAK 43.4869 46.1882 50.3788 50.7166 41.6427 41.6232 41.4545 41.1059 42.6121 41.5989
AKAZE 1351 1327 1311 1351 1360 1347 1363 1331 1357 1331
AKAZE/AKAZE 138 138 133 127 129 146 147 151 150
Time Extractor AKAZE 96.8691 81.5634 84.0737 76.8528 87.1437 83.3633 85.4394 85.7332 84.3802 85.7295
Time Descriptor AKAZE 70.7936 67.2365 75.3614 72.7664 78.7142 72.8104 81.6624 78.2443 76.9059 74.3547
AKAZE 1351 1327 1311 1351 1360 1347 1363 1331 1357 1331
AKAZE/SIFT_HOG 134 134 130 136 137 147 147 154 151
Time Extractor AKAZE 96.5378 83.0976 91.8366 91.1185 84.044 88.7244 88.4246 86.8213 88.4136 80.1862
Time Descriptor SIFT 26.7758 27.0527 37.1159 32.867 32.5119 29.3272 29.0153 26.4993 27.3202 28.199
//DEtecta perimetro
SIFT 1438 1371 1380 1335 1305 1370 1396 1382 1463 1422
SIFT/BRISK 64 66 62 66 59 64 64 67 80
Time Extractor SIFT 140.951 131.649 105.388 99.9068 100.673 108.139 103.05 106.455 105.555 122.384
Time Descriptor BRISK 1.6966 1.46439 1.833 1.6717 1.70301 1.49305 1.58097 1.86114 1.90984 1.61427
SIFT 1438 1371 1380 1335 1305 1370 1396 1382 1463 1422
SIFT/BRIEF 86 78 76 85 69 74 76 70 88
Time Extractor SIFT 144.218 137.25 137.954 136.343 131.214 129.163 133.214 138.419 131.744 136.435
Time Descriptor BRIEF 1.07778 0.900738 0.74183 0.921978 0.912338 0.982791 0.923372 0.938177 0.921805 0.818062
SIFT/ORB Memory problem
SIFT/FREAK 65 72 64 66 59 59 64 65 79
Time Extractor SIFT 136.486 130.906 139.741 131.912 135.382 132.703 127.74 131.163 131.039 133.938
Time Descriptor FREAK 41.0623 44.2942 46.8463 41.2112 43.1348 44.6694 45.1952 43.8774 40.786 44.5349
SIFT/AKAZE FAllo
SIFT/SIFT_HOG 82 81 85 93 90 81 82 102 104
Time Extractor SIFT 142.43 102.849 96.9394 102.782 103.358 107.084 97.4064 100.396 101.216 103.357
Time Descriptor SIFT 116.237 76.8832 79.193 80.9833 76.9502 80.5698 80.8231 82.9023 79.3632 78.9655